>
 -189.09  52.923       0
 -189.18  52.934       0
-189.207  52.956       0
-189.207  52.972       0
-189.099  52.988       0
-188.964  52.983       0
-188.928  52.972       0
-188.919  52.956       0
-188.937  52.934       0
-188.973  52.923       0
-189.027  52.923       0
 -189.09  52.923       0
>
-189.054  53.259       0
-188.964  53.194       0
-188.857   53.14       0
-188.839  53.097       0
-188.866  53.081       0
-188.946  53.097       0
-189.036  53.135       0
-189.162  53.269       0
-189.153  53.286       0
-189.108  53.291       0
-189.072  53.264       0
-189.054  53.259       0
>
-194.884  55.538       0
-194.857  55.533       0
-194.857  55.507       0
-194.902  55.512       0
-194.902  55.533       0
-194.884  55.538       0
>
-185.659  52.437       0
-185.317  52.547       0
-185.263  52.564       0
-185.263  52.618       0
-185.299  52.629       0
 -185.47  52.662       0
-185.542  52.684       0
-185.533  52.717       0
-185.551  52.738       0
-185.605  52.771       0
-185.641  52.771       0
 -185.65  52.771       0
-185.739  52.766       0
-186.036   52.82       0
-186.359  52.858       0
-186.476  52.885       0
-186.602  52.934       0
-186.701  53.026       0
-186.817  53.086       0
-187.033  53.118       0
-187.222  53.118       0
-187.563  53.016       0
-187.617  52.956       0
-187.761  52.902       0
 -187.77  52.885       0
-187.617  52.853       0
-187.545  52.853       0
-187.374  52.858       0
-187.356  52.847       0
-187.347  52.777       0
-187.294  52.744       0
-186.997  52.602       0
-186.934  52.553       0
-186.943  52.476       0
 -186.88  52.426       0
-186.737  52.355       0
-186.602  52.339       0
-186.512  52.339       0
-186.521  52.278       0
-186.476  52.256       0
-186.296   52.19       0
-186.189  52.168       0
-186.126  52.179       0
-186.018  52.317       0
-185.982  52.344       0
-185.874  52.361       0
-185.659  52.437       0
>
 -185.73  52.355       0
-185.668  52.339       0
-185.668  52.311       0
-185.766  52.322       0
-185.766  52.344       0
 -185.73  52.355       0
>
-185.668  52.237       0
-185.659  52.261       0
-185.605  52.294       0
-185.578    52.3       0
 -185.56  52.289       0
-185.578  52.234       0
-185.605  52.217       0
-185.659  52.217       0
-185.668  52.237       0
>
-185.605  52.366       0
-185.587  52.355       0
-185.524  52.355       0
-185.488  52.372       0
-185.497  52.405       0
-185.551  52.405       0
-185.605  52.377       0
-185.605  52.366       0
>
-196.339  56.374       0
-196.339  56.384       0
-196.312  56.379       0
-196.321  56.359       0
-196.339  56.359       0
-196.339  56.374       0
>
-189.997  59.309       0
-189.908  59.337       0
-189.773  59.337       0
-189.737  59.323       0
-189.737  59.309       0
-189.782  59.286       0
-189.818  59.295       0
-189.899  59.286       0
 -189.97  59.258       0
-189.997  59.263       0
-190.024  59.277       0
-190.015    59.3       0
-189.997  59.309       0
>
-189.539  59.286       0
-189.557  59.332       0
-189.521  59.364       0
-189.503  59.369       0
-189.458  59.359       0
-189.431  59.286       0
-189.449  59.249       0
-189.476  59.249       0
-189.539  59.277       0
-189.539  59.286       0
>
-189.207  58.482       0
-189.189  58.486       0
-189.153  58.482       0
-189.144  58.444       0
-189.198  58.444       0
-189.207  58.467       0
-189.207  58.482       0
>
-193.123  59.629       0
-193.097  59.638       0
 -193.07  59.634       0
-193.088  59.606       0
-193.132  59.611       0
-193.123  59.629       0
>
-193.294  55.298       0
-192.998  55.185       0
  -192.8  55.097       0
-192.585  55.046       0
-192.567   55.03       0
-192.513  54.937       0
-192.225  54.782       0
 -192.09   54.74       0
 -192.01   54.73       0
-191.956  54.714       0
-191.938  54.688       0
-191.929  54.636       0
-191.875  54.579       0
-191.839  54.558       0
-191.695  54.516       0
-191.623  54.485       0
-191.605  54.448       0
-191.533  54.406       0
-191.533  54.375       0
 -191.56  54.364       0
 -191.65  54.359       0
-191.695   54.37       0
-191.731  54.396       0
-191.866  54.396       0
-191.983  54.412       0
-192.117  54.448       0
-192.252  54.433       0
-192.378  54.427       0
-192.602  54.501       0
-192.665  54.532       0
-192.746  54.501       0
-192.818  54.495       0
-192.755  54.438       0
-192.746  54.385       0
-192.764  54.375       0
-192.791   54.37       0
-192.944  54.406       0
-192.953  54.443       0
-192.917  54.469       0
-192.926  54.511       0
-192.962  54.542       0
-193.132  54.615       0
-193.195  54.621       0
-193.222    54.6       0
-193.222  54.548       0
-193.249  54.537       0
-193.285  54.542       0
-193.393  54.584       0
-193.465  54.626       0
-193.537  54.683       0
-193.519   54.73       0
-193.573  54.777       0
-193.618  54.803       0
-193.671  54.834       0
-193.896  54.958       0
-193.941  55.025       0
-194.049  55.051       0
-194.246  55.144       0
-194.372  55.257       0
-194.651   55.39       0
-194.642  55.415       0
-194.588  55.426       0
-194.597  55.441       0
-194.794  55.553       0
-194.839  55.568       0
-195.028  55.599       0
-195.028  55.614       0
-194.974  55.624       0
 -194.83  55.589       0
-194.758  55.609       0
-194.615  55.716       0
 -194.57  55.736       0
-194.525  55.716       0
-194.507   55.69       0
 -194.48  55.589       0
-194.435  55.543       0
-193.968  55.436       0
-193.932  55.472       0
-193.878  55.467       0
-193.537  55.334       0
-193.465  55.344       0
 -193.42  55.339       0
-193.294  55.298       0
>
-184.674   51.79       0
-184.724  51.824       0
-184.715  51.841       0
-184.688  51.846       0
-184.653  51.802       0
-184.674   51.79       0
>
-184.931  52.206       0
-184.832  52.245       0
-184.653  52.256       0
-184.635  52.245       0
-184.653  52.212       0
-184.688   52.19       0
-184.742  52.173       0
-184.868  52.173       0
-184.922  52.151       0
-184.958  52.173       0
-184.931  52.206       0
>
-184.688  51.991       0
-184.653  52.007       0
 -184.67  51.946       0
-184.697  51.946       0
-184.697  51.968       0
-184.688  51.991       0
>
-183.925  52.234       0
-184.078  52.289       0
-184.114  52.311       0
-184.275  52.459       0
 -184.23  52.487       0
-184.158  52.487       0
-184.096   52.47       0
-183.925  52.388       0
-183.925  52.366       0
-183.961  52.322       0
-183.907    52.3       0
-183.745  52.212       0
-183.602  52.157       0
-183.386  52.123       0
-183.233  52.085       0
-183.143   52.09       0
-183.018  52.068       0
    -183  52.035       0
-183.018  52.024       0
-183.224  51.941       0
 -183.35  51.935       0
-183.395  51.946       0
-183.503  52.002       0
-183.575  52.063       0
-183.673  52.134       0
 -183.88  52.217       0
-183.925  52.234       0
>
-183.835  52.394       0
-183.808  52.388       0
-183.844  52.383       0
-183.853  52.399       0
-183.835  52.394       0
>
-180.803  54.678       0
-180.781  54.678       0
-180.745  54.657       0
-180.754  54.636       0
-180.808  54.636       0
-180.826  54.667       0
-180.803  54.678       0
>
-180.484  54.417       0
-180.439  54.438       0
-180.395  54.443       0
-180.341  54.406       0
-180.332  54.354       0
-180.242  54.312       0
-180.242  54.286       0
 -180.26  54.259       0
-180.287  54.244       0
-180.377  54.244       0
-180.413  54.259       0
-180.404  54.338       0
-180.502  54.343       0
 -180.61  54.375       0
-180.619  54.385       0
-180.592  54.406       0
-180.538  54.417       0
-180.484  54.417       0
>
-182.425  51.829       0
-182.533  51.824       0
-182.703  51.746       0
-182.811  51.735       0
-182.991   51.74       0
-182.964   51.79       0
-182.856  51.885       0
-182.802  51.952       0
-182.811  52.013       0
-182.784   52.04       0
-182.667  52.013       0
-182.622  52.029       0
-182.622   52.04       0
-182.676  52.096       0
-182.658  52.118       0
-182.631  52.134       0
-182.533  52.123       0
-182.488  52.151       0
-182.398  52.173       0
-182.344  52.157       0
-182.281  52.118       0
-182.245  52.057       0
-182.281  52.029       0
-182.281  52.013       0
-182.209  51.974       0
-182.155  51.902       0
-182.128  51.891       0
 -181.85  51.902       0
 -181.85  51.913       0
-181.949  51.996       0
-181.958  52.046       0
-181.913  52.085       0
-181.841   52.09       0
-181.679  52.035       0
-181.491  52.013       0
-181.401  51.979       0
-181.383  51.929       0
-181.455  51.891       0
-181.634  51.879       0
-181.652  51.868       0
-181.562  51.796       0
-181.517  51.774       0
-181.275  51.701       0
-181.023  51.645       0
-180.772  51.517       0
-180.529  51.432       0
-180.502  51.393       0
-180.511  51.343       0
-180.574  51.286       0
  -180.7  51.264       0
-180.736  51.264       0
 -180.79   51.32       0
-180.808   51.32       0
-180.862  51.286       0
-180.916  51.298       0
-181.023  51.343       0
-181.041  51.365       0
 -181.05  51.399       0
-181.221  51.466       0
-181.365  51.511       0
-181.464  51.556       0
-181.455  51.589       0
-181.464  51.601       0
 -181.58  51.623       0
-181.787  51.724       0
-181.859  51.751       0
 -181.85  51.785       0
-181.859  51.802       0
-181.877  51.796       0
-181.976  51.768       0
-182.047  51.779       0
-182.047  51.785       0
-182.425  51.829       0
>
-185.007  52.487       0
    -185  52.485       0
 -184.94  52.465       0
 -184.94  52.443       0
-184.958  52.437       0
    -185  52.447       0
-185.003  52.448       0
-185.039  52.476       0
-185.007  52.487       0
>
    -200 52.8672       0
-199.933  53.021       0
-199.834  53.129       0
-199.807  53.286       0
-199.807  53.334       0
-199.789  53.398       0
-199.807  53.623       0
-199.744  53.671       0
 -199.69  53.687       0
-199.681  53.693       0
-199.591  53.842       0
-199.483  54.107       0
-199.555  54.212       0
-199.537  54.238       0
 -199.43  54.244       0
-199.331  54.259       0
-199.142  54.322       0
-199.016  54.385       0
-198.927  54.401       0
-198.801  54.396       0
-198.495  54.406       0
 -198.37  54.422       0
-198.217  54.469       0
-198.055   54.61       0
-197.956  54.657       0
-197.741  54.683       0
-197.705  54.709       0
 -197.57  54.943       0
 -197.57  54.963       0
-197.597  54.979       0
-197.633  55.041       0
-197.849  55.113       0
-197.956  55.205       0
 -198.01  55.323       0
-198.028  55.446       0
 -198.01  55.523       0
-197.875   55.68       0
-197.849  55.751       0
-197.831  55.761       0
-197.759  55.782       0
-197.741  55.807       0
-197.741  55.868       0
-197.642  55.963       0
-197.552  56.054       0
-197.507  56.099       0
-197.426  56.104       0
 -197.39  56.129       0
-197.345  56.139       0
-197.319  56.099       0
-197.274  56.059       0
 -196.95  55.918       0
-196.878  55.908       0
-196.807  55.928       0
-196.789  55.979       0
-196.807  56.029       0
-196.789  56.059       0
-196.609  56.159       0
-196.573    56.2       0
-196.519    56.3       0
-196.465  56.359       0
-196.465  56.434       0
-196.492  56.439       0
-196.564  56.429       0
-196.582  56.459       0
-196.537  56.638       0
-196.618  56.776       0
-196.744  56.825       0
-196.807  56.845       0
-196.905  56.815       0
-196.941  56.815       0
 -196.95  56.825       0
 -196.95   56.86       0
-196.878  57.002       0
-196.762  57.022       0
-196.726  57.066       0
-196.717  57.183       0
-196.762  57.212       0
-196.878  57.251       0
-196.887  57.276       0
-196.618  57.319       0
  -196.6  57.329       0
-196.672   57.48       0
  -196.6    57.6       0
 -196.51  57.682       0
-196.339  57.874       0
 -196.33  57.936       0
-196.402  57.951       0
 -196.42  57.965       0
-196.429  57.989       0
-196.384  58.032       0
-196.196  58.165       0
-195.998  58.368       0
-195.836  58.552       0
-195.756  58.604       0
-195.576   58.66       0
-195.306  58.777       0
-195.208  58.828       0
-194.974  59.018       0
-194.884  59.065       0
-194.722  59.129       0
-194.615  59.199       0
-194.579  59.208       0
-194.552  59.199       0
-194.552  59.143       0
-194.516  59.083       0
-194.462  59.074       0
-194.336  59.097       0
-194.345  59.162       0
-194.327  59.199       0
-194.309  59.203       0
-194.166  59.171       0
-194.121   59.18       0
 -194.13  59.231       0
 -193.95  59.217       0
-193.824  59.226       0
-193.609  59.254       0
-193.653    59.3       0
-193.653  59.318       0
-193.537  59.346       0
-193.483  59.364       0
-193.456  59.401       0
-193.456  59.506       0
-193.483  59.606       0
-193.456  59.647       0
-193.429  59.661       0
-193.106   59.77       0
-192.989   59.81       0
-192.926  59.806       0
-192.935  59.765       0
 -192.89  59.752       0
  -192.8  59.774       0
-192.504  59.878       0
-192.324  59.923       0
-192.279  59.991       0
-192.243  60.013       0
-192.207  60.018       0
-192.099  60.004       0
-191.848  60.081       0
-191.623  60.076       0
-191.516  60.094       0
 -191.48  60.094       0
 -191.48  60.067       0
-191.462  60.054       0
  -191.3  60.063       0
-191.264  60.027       0
-191.147  60.027       0
-191.012  60.009       0
-190.914  60.018       0
 -190.59  60.009       0
-190.554  59.991       0
-190.545  59.973       0
-190.482  59.946       0
-190.069  59.856       0
-190.006  59.847       0
-189.872  59.824       0
-189.791  59.783       0
-189.701  59.656       0
-189.647  59.602       0
-189.584  59.593       0
-189.414  59.643       0
-189.324  59.697       0
-189.252  59.783       0
 -189.18  59.838       0
 -189.09  59.892       0
-188.946  60.031       0
-188.892  60.188       0
 -188.83  60.278       0
-188.704  60.376       0
-188.623   60.42       0
-188.515  60.442       0
-188.228  60.473       0
-188.165  60.491       0
-188.102  60.527       0
-188.057  60.544       0
-187.608  60.602       0
-187.401  60.668       0
-187.222  60.765       0
-186.925  60.861       0
-186.871  60.861       0
-186.853  60.817       0
-186.539  60.774       0
-186.449  60.774       0
    -186  60.892       0
-185.892  60.905       0
-185.856  60.888       0
 -185.82  60.892       0
-185.506  61.067       0
-185.245  61.167       0
    -185  61.278       0
 -184.94  61.305       0
-184.823  61.348       0
-184.599    61.4       0
-184.275  61.499       0
-183.862  61.662       0
-183.736    61.7       0
-183.485  61.794       0
-183.341  61.828       0
-183.287  61.802       0
-183.215  61.806       0
 -183.08  61.836       0
-182.901  61.849       0
-182.595  61.836       0
-182.209  61.811       0
-181.895  61.764       0
 -181.76  61.764       0
-181.652  61.772       0
-181.464  61.751       0
-181.383  61.726       0
-181.347  61.679       0
-181.347   61.64       0
-181.374  61.593       0
-181.374   61.52       0
-181.167   61.27       0
-181.041  61.193       0
-180.655  61.158       0
-180.475  61.132       0
-180.431  61.106       0
-180.431  61.084       0
 -180.52   61.04       0
 -180.52  61.027       0
-180.502  61.006       0
-180.314  60.958       0
-180.002  60.892       0
>
    -180  52.367       0
-180.026  52.383       0
-180.062  52.399       0
 -180.17  52.399       0
-180.251  52.344       0
-180.269  52.289       0
 -180.26  52.245       0
 -180.35  52.228       0
-180.439  52.157       0
-180.529   52.04       0
-180.646  51.974       0
-180.673  51.946       0
-180.637  51.874       0
-180.601  51.857       0
-180.332  51.841       0
-180.251  51.868       0
-180.224  51.891       0
-180.197  51.979       0
-180.053  52.074       0
-180.017  52.118       0
>
-179.992  52.117       0
-179.972  52.124       0
-179.951  52.134       0
-179.927  52.147       0
-179.905  52.161       0
-179.881   52.18       0
-179.871  52.198       0
-179.868  52.214       0
-179.871  52.219       0
-179.871  52.224       0
-179.871  52.234       0
-179.873  52.237       0
-179.876  52.255       0
-179.879  52.268       0
-179.881  52.281       0
-179.887  52.299       0
  -179.9  52.319       0
-179.913  52.333       0
-179.932  52.346       0
-179.956  52.358       0
-179.985  52.364       0
-179.996  52.367       0
>
-175.132  52.246       0
-175.055  52.199       0
-175.017  52.198       0
    -175  52.203       0
-174.944  52.218       0
-174.864  52.247       0
-174.859  52.247       0
-174.748  52.287       0
-174.692  52.322       0
-174.647  52.352       0
-174.598  52.375       0
-174.492  52.409       0
 -174.44  52.422       0
-174.382  52.433       0
-174.268  52.446       0
-174.215  52.446       0
-174.178  52.441       0
-174.048  52.409       0
-174.008  52.404       0
-173.955  52.407       0
-173.907   52.42       0
-173.867  52.433       0
-173.823  52.437       0
-173.788  52.429       0
-173.762   52.41       0
-173.745   52.38       0
-173.743  52.364       0
-173.719  52.326       0
-173.682  52.303       0
-173.637   52.29       0
-173.593  52.288       0
-173.475  52.293       0
-173.376  52.287       0
-173.255   52.27       0
-173.131  52.269       0
-173.006  52.275       0
-172.944  52.272       0
 -172.89  52.272       0
-172.842  52.273       0
-172.803  52.278       0
-172.751  52.298       0
-172.725  52.317       0
-172.689  52.364       0
-172.637  52.416       0
-172.585  52.448       0
-172.552  52.457       0
-172.513  52.454       0
-172.461  52.448       0
 -172.43  52.456       0
-172.413  52.469       0
-172.418  52.503       0
-172.408  52.518       0
-172.396  52.523       0
-172.367  52.524       0
-172.331  52.511       0
-172.226   52.45       0
-172.178   52.42       0
-172.172  52.414       0
-172.178  52.398       0
-172.194  52.401       0
 -172.22    52.4       0
-172.247  52.388       0
-172.262  52.367       0
-172.266  52.336       0
-172.255  52.312       0
-172.255  52.291       0
-172.268  52.277       0
-172.267  52.273       0
 -172.31  52.249       0
-172.409  52.216       0
-172.424  52.206       0
-172.436  52.188       0
-172.431  52.171       0
-172.416  52.159       0
-172.365  52.142       0
-172.315  52.124       0
-172.269  52.104       0
-172.224  52.083       0
-172.174  52.069       0
-172.155  52.067       0
-172.135  52.065       0
-172.116  52.064       0
-172.096  52.063       0
-172.077  52.062       0
-172.057  52.062       0
-172.009   52.06       0
-171.999  52.058       0
-171.989  52.054       0
-171.981  52.049       0
-171.973  52.043       0
-171.942  52.039       0
-171.925  52.044       0
-171.922  52.059       0
-171.944  52.082       0
-171.938  52.099       0
-171.903  52.119       0
-171.889  52.118       0
-171.877  52.108       0
-171.862  52.081       0
-171.867  52.052       0
-171.926  52.008       0
-171.949  51.982       0
-171.976  51.971       0
 -172.01  51.966       0
-172.119  51.965       0
-172.163  51.977       0
-172.285  52.033       0
-172.375   52.06       0
-172.433  52.069       0
-172.498  52.071       0
-172.565  52.069       0
-172.651  52.058       0
-172.794  52.015       0
-172.847  52.006       0
-172.936  51.994       0
-173.134   51.97       0
-173.251  51.952       0
-173.389  51.946       0
-173.463  51.938       0
-173.481  51.934       0
  -173.7  51.914       0
-173.886  51.894       0
-174.037  51.884       0
-174.139  51.881       0
-174.242  51.872       0
 -174.41  51.866       0
-174.418  51.866       0
-174.445  51.863       0
-174.589  51.859       0
-174.862  51.864       0
-174.866  51.862       0
 -174.97  51.866       0
    -175  51.864       0
-175.043  51.861       0
-175.133  51.853       0
-175.215  51.847       0
-175.314  51.834       0
-175.434  51.822       0
-175.584  51.814       0
-175.693  51.806       0
-175.818  51.791       0
-175.933  51.767       0
-175.974  51.757       0
-176.077  51.746       0
-176.221  51.733       0
-176.371  51.703       0
-176.477  51.678       0
-176.581  51.641       0
>
    -160 54.4038       0
-160.048   54.39       0
-160.146  54.371       0
-160.294  54.352       0
-160.497  54.304       0
 -160.58  54.293       0
-160.679  54.291       0
-160.783    54.3       0
-160.897  54.314       0
-160.937  54.317       0
-160.977   54.32       0
-161.017  54.322       0
-161.057  54.324       0
-161.097  54.326       0
-161.138  54.327       0
-161.179  54.327       0
-161.219  54.325       0
-161.259  54.322       0
-161.286  54.319       0
-161.313  54.315       0
-161.339  54.309       0
-161.364  54.302       0
-161.389  54.295       0
-161.413  54.287       0
-161.462   54.26       0
-161.577  54.178       0
-161.601  54.165       0
-161.678  54.142       0
-161.854   54.13       0
-161.956  54.112       0
 -162.01    54.1       0
-162.082  54.092       0
-162.163  54.095       0
-162.213  54.112       0
-162.228   54.12       0
-162.298  54.133       0
-162.332  54.149       0
-162.352  54.164       0
-162.386  54.173       0
-162.431  54.173       0
-162.488  54.163       0
-162.514  54.157       0
-162.626  54.122       0
-162.703  54.094       0
-162.754  54.073       0
-162.801  54.062       0
-162.856  54.059       0
-162.878  54.061       0
-162.932  54.058       0
    -163  54.037       0
-163.073  54.013       0
-163.139  53.997       0
-163.196  53.989       0
-163.241  53.982       0
-163.345  53.933       0
-163.399  53.915       0
-163.499  53.906       0
-163.554  53.897       0
-163.574  53.891       0
-163.735  53.829       0
-163.782  53.819       0
-163.889   53.82       0
-163.966  53.806       0
-164.029  53.803       0
-164.089  53.801       0
-164.146  53.792       0
-164.188  53.783       0
-164.294  53.762       0
 -164.38  53.753       0
-164.531  53.739       0
 -164.54  53.737       0
-164.588  53.731       0
-164.705  53.728       0
-164.788   53.73       0
 -164.86  53.741       0
-165.012  53.777       0
-165.063  53.785       0
-165.146  53.785       0
-165.263  53.753       0
-165.388  53.729       0
-165.448  53.712       0
-165.517  53.681       0
-165.576  53.643       0
-165.779  53.551       0
 -165.85  53.526       0
-165.997  53.491       0
-166.273  53.418       0
-166.356  53.392       0
-166.498  53.342       0
-166.582  53.318       0
 -166.67  53.304       0
-166.687  53.297       0
 -166.77  53.257       0
-166.833  53.232       0
-166.845  53.226       0
-166.957  53.185       0
-166.998  53.171       0
-167.141  53.116       0
-167.189    53.1       0
-167.193    53.1       0
 -167.26  53.082       0
-167.272  53.081       0
-167.275  53.079       0
-167.393  53.055       0
-167.453  53.037       0
-167.459  53.031       0
-167.563  53.013       0
 -167.62  53.009       0
-167.717  53.012       0
-167.788  53.007       0
-167.863  52.985       0
-167.939  52.984       0
-167.988  52.982       0
-168.065  52.959       0
-168.144  52.975       0
-168.183  52.968       0
-168.229  52.939       0
-168.255  52.921       0
  -168.3  52.909       0
-168.331  52.906       0
-168.421  52.906       0
-168.461  52.898       0
-168.686  52.806       0
-168.825  52.762       0
-168.875  52.741       0
-168.939  52.698       0
-168.968  52.686       0
 -169.15  52.659       0
-169.183  52.659       0
-169.236  52.668       0
-169.375  52.661       0
-169.417  52.666       0
-169.452  52.678       0
-169.477  52.695       0
  -169.5  52.732       0
-169.518  52.741       0
  -169.6  52.766       0
-169.624  52.764       0
-169.628  52.761       0
-169.621  52.753       0
-169.567  52.735       0
-169.551  52.725       0
-169.529  52.703       0
-169.517   52.64       0
-169.533  52.607       0
-169.561  52.585       0
-169.704  52.533       0
-169.732  52.531       0
-169.763  52.541       0
-169.775  52.551       0
-169.781  52.591       0
-169.788  52.601       0
-169.828  52.628       0
 -169.84  52.651       0
-169.841  52.685       0
-169.846  52.709       0
-169.871  52.734       0
-169.895  52.743       0
-169.968  52.761       0
-169.973  52.764       0
 -170.01  52.774       0
-170.015  52.772       0
 -170.04  52.783       0
 -170.05  52.786       0
-170.068  52.795       0
-170.106  52.823       0
-170.134  52.838       0
 -170.14  52.836       0
-170.176  52.857       0
-170.192  52.874       0
-170.222  52.925       0
-170.219  52.959       0
-170.188  53.004       0
-170.189  53.015       0
-170.201  53.021       0
-170.248  53.023       0
 -170.26  53.031       0
 -170.26  53.041       0
-170.248   53.05       0
 -170.17  53.076       0
-170.034  53.115       0
-169.974  53.127       0
-169.919  53.122       0
-169.877  53.108       0
-169.839   53.11       0
-169.795  53.114       0
-169.749  53.107       0
-169.742  53.104       0
 -169.68  53.103       0
-169.622  53.108       0
-169.599  53.105       0
-169.576  53.091       0
 -169.58  53.089       0
-169.578  53.067       0
-169.593  53.037       0
-169.586  53.009       0
-169.552  52.964       0
-169.547   52.94       0
-169.545  52.907       0
-169.559  52.869       0
-169.552   52.83       0
-169.537  52.813       0
-169.517  52.797       0
-169.486  52.786       0
-169.458  52.785       0
 -169.44  52.799       0
-169.434  52.845       0
-169.377  52.913       0
-169.328  52.955       0
-169.266  52.989       0
-169.214  53.011       0
-169.209  53.009       0
-169.138  53.042       0
-169.127  53.051       0
-168.996   53.12       0
 -168.99  53.119       0
-168.927  53.156       0
-168.868  53.206       0
-168.756  53.316       0
-168.682  53.383       0
-168.614  53.418       0
-168.521  53.453       0
-168.447   53.49       0
-168.377  53.509       0
-168.355  53.512       0
-168.294  53.532       0
-168.251  53.556       0
-168.214  53.588       0
-168.209  53.594       0
-168.196  53.606       0
-168.179  53.599       0
-168.167  53.583       0
-168.162  53.588       0
-168.104  53.597       0
-168.075  53.605       0
-168.041  53.602       0
-167.986  53.584       0
-167.951  53.584       0
-167.946  53.583       0
-167.907  53.589       0
-167.872  53.583       0
-167.826   53.56       0
-167.771  53.544       0
-167.717  53.541       0
-167.669   53.55       0
-167.636  53.566       0
-167.586  53.617       0
-167.543  53.643       0
-167.486  53.662       0
-167.464   53.68       0
-167.448  53.695       0
-167.411  53.702       0
-167.407  53.704       0
-167.368  53.712       0
-167.343  53.726       0
-167.286  53.799       0
-167.222  53.856       0
-167.225   53.86       0
-167.148  53.915       0
-167.093  53.948       0
-167.028  53.981       0
-166.975  53.997       0
-166.453  54.095       0
-166.384  54.115       0
-166.337   54.14       0
-166.281  54.178       0
-166.243  54.194       0
-166.182  54.215       0
-166.087  54.243       0
-165.983  54.302       0
-165.816   54.36       0
-165.726  54.407       0
-165.637  54.466       0
-165.564   54.54       0
 -165.51  54.607       0
-165.434  54.673       0
-165.421  54.711       0
-165.425  54.746       0
-165.454  54.774       0
-165.491   54.79       0
 -165.55  54.798       0
-165.615  54.799       0
-165.727  54.797       0
 -165.97  54.775       0
-166.036  54.771       0
-166.093   54.77       0
-166.169  54.776       0
-166.271  54.792       0
-166.409  54.817       0
-166.487  54.827       0
-166.606  54.846       0
-166.792  54.875       0
-166.884  54.891       0
-166.975  54.908       0
-167.069   54.93       0
-167.118  54.948       0
-167.243  54.999       0
-167.348  55.052       0
-167.514  55.146       0
-167.742  55.295       0
-167.788  55.322       0
-167.895  55.377       0
-168.071  55.466       0
-168.214  55.524       0
-168.362  55.581       0
-168.365  55.581       0
-168.524  55.629       0
-168.626  55.668       0
-168.694   55.71       0
 -168.75  55.779       0
-168.833  55.858       0
-168.842  55.882       0
-168.835  55.901       0
-168.825  55.911       0
-168.798  55.923       0
-168.684  55.936       0
 -168.64  55.945       0
-168.542  55.975       0
-168.444  55.998       0
-168.387  56.032       0
-168.368  56.053       0
-168.356  56.097       0
-168.365  56.132       0
-168.393  56.177       0
-168.428  56.209       0
-168.488  56.242       0
-168.535  56.254       0
-168.577  56.258       0
-168.655  56.246       0
-168.745  56.233       0
-168.823  56.225       0
-168.897  56.222       0
-169.052  56.229       0
-169.054   56.23       0
-169.169  56.242       0
-169.248  56.261       0
-169.337  56.308       0
-169.359  56.314       0
-169.459  56.311       0
-169.518  56.303       0
 -169.53  56.299       0
-169.533    56.3       0
-169.592  56.285       0
-169.636  56.286       0
-169.655  56.289       0
-169.686  56.281       0
-169.705  56.269       0
 -169.71  56.248       0
-169.704  56.227       0
-169.668  56.193       0
-169.606  56.152       0
-169.577   56.12       0
-169.579  56.101       0
-169.602  56.081       0
-169.648  56.065       0
-169.715  56.048       0
-169.786  56.036       0
-169.992  56.015       0
-170.087  56.017       0
-170.141   56.02       0
-170.232  56.033       0
-170.243  56.037       0
-170.247  56.037       0
-170.433  56.099       0
-170.624  56.165       0
-170.692  56.177       0
-170.716  56.174       0
-170.751  56.166       0
-170.786  56.166       0
-170.809  56.168       0
-170.855  56.182       0
-170.948  56.225       0
-171.023  56.247       0
-171.156  56.273       0
-171.252  56.297       0
-171.305  56.317       0
-171.337  56.353       0
-171.362  56.393       0
-171.362  56.397       0
-171.393  56.425       0
-171.444  56.445       0
-171.593  56.477       0
 -171.87  56.519       0
-171.972  56.548       0
-172.072  56.584       0
-172.193  56.608       0
-172.338  56.628       0
-172.411  56.631       0
-172.455  56.624       0
-172.507  56.605       0
-172.551   56.55       0
-172.575  56.537       0
-172.618  56.525       0
-172.674  56.523       0
-172.721   56.53       0
-172.773  56.548       0
-172.862  56.588       0
-172.866  56.587       0
-172.908  56.601       0
-173.016  56.626       0
-173.096   56.65       0
-173.169  56.682       0
-173.217   56.71       0
-173.266   56.75       0
-173.292  56.799       0
-173.313  56.879       0
-173.372   56.96       0
-173.384  57.001       0
 -173.39  57.034       0
-173.411  57.068       0
-173.449  57.089       0
-173.491  57.099       0
-173.532  57.102       0
-173.639  57.096       0
-173.685  57.106       0
-173.727  57.129       0
 -173.76  57.159       0
-173.795   57.21       0
-173.823  57.314       0
-173.836  57.355       0
-173.869  57.418       0
 -173.89   57.44       0
-173.951  57.488       0
-174.041  57.552       0
-174.065  57.565       0
-174.063  57.567       0
-174.145  57.628       0
-174.198  57.674       0
-174.227  57.713       0
-174.229  57.737       0
-174.216  57.744       0
-174.175  57.747       0
 -174.13  57.742       0
-174.035  57.718       0
-173.969  57.703       0
-173.806  57.675       0
 -173.77  57.674       0
-173.763  57.673       0
-173.746  57.678       0
-173.746   57.68       0
-173.734  57.692       0
-173.726  57.716       0
-173.714  57.722       0
-173.661  57.719       0
 -173.65  57.724       0
-173.646  57.733       0
-173.664  57.749       0
-173.732   57.78       0
-173.741  57.785       0
-173.813   57.82       0
-173.859  57.858       0
-173.877  57.883       0
-173.894  57.935       0
-173.915  57.963       0
-173.934  57.974       0
-174.015  58.012       0
-174.109   58.07       0
-174.108  58.073       0
-174.136  58.099       0
 -174.14  58.101       0
 -174.18  58.156       0
-174.211  58.203       0
-174.237  58.251       0
-174.259  58.298       0
-174.272  58.331       0
-174.276   58.39       0
-174.286  58.403       0
-174.313  58.414       0
-174.333  58.418       0
-174.356  58.415       0
-174.412  58.427       0
-174.462   58.45       0
-174.497  58.484       0
-174.509  58.508       0
-174.507  58.591       0
 -174.52  58.621       0
-174.549  58.642       0
 -174.59  58.657       0
-174.665  58.671       0
-174.746  58.681       0
-174.817  58.683       0
-174.939  58.679       0
    -175  58.672       0
 -175.01  58.671       0
-175.066  58.663       0
-175.189  58.634       0
 -175.23  58.628       0
-175.248  58.629       0
-175.273  58.638       0
-175.263  58.664       0
 -175.19  58.708       0
-175.176  58.727       0
-175.184  58.743       0
-175.197  58.751       0
 -175.22  58.757       0
-175.254  58.758       0
 -175.29   58.75       0
-175.348  58.719       0
-175.384  58.683       0
-175.401  58.658       0
-175.411  58.612       0
-175.404  58.584       0
-175.376  58.555       0
-175.348   58.53       0
-175.329  58.494       0
-175.334  58.469       0
 -175.36  58.454       0
-175.404  58.444       0
-175.465  58.447       0
-175.582  58.469       0
-175.732    58.5       0
 -175.96   58.55       0
-176.133  58.578       0
 -176.26  58.591       0
-176.433  58.599       0
-176.603  58.618       0
-176.693   58.63       0
-176.758  58.638       0
-176.973  58.653       0
-177.106   58.67       0
-177.233  58.696       0
-177.329  58.719       0
-177.425  58.745       0
-177.518  58.774       0
 -177.72  58.867       0
-177.843   58.92       0
-177.921  58.949       0
-177.981   58.97       0
    -178  58.978       0
-178.208  59.041       0
 -178.27  59.066       0
-178.339  59.104       0
-178.418  59.163       0
-178.437  59.191       0
-178.439   59.21       0
-178.427  59.234       0
-178.399  59.258       0
-178.357  59.279       0
-178.319  59.288       0
-178.263  59.288       0
-178.196   59.28       0
-178.159  59.271       0
-178.132  59.261       0
-178.104  59.252       0
-178.075  59.243       0
-178.045  59.236       0
-178.014  59.229       0
-177.986  59.224       0
-177.958   59.22       0
-177.929  59.216       0
-177.901  59.212       0
-177.872   59.21       0
-177.843  59.208       0
-177.811  59.206       0
-177.778  59.205       0
-177.746  59.205       0
-177.714  59.206       0
-177.681  59.208       0
-177.649  59.212       0
-177.617  59.216       0
-177.564  59.227       0
-177.492  59.257       0
-177.452  59.286       0
 -177.44    59.3       0
-177.427  59.321       0
-177.422  59.343       0
-177.426  59.355       0
-177.431  59.357       0
-177.448  59.381       0
-177.496  59.423       0
-177.503  59.445       0
-177.503  59.473       0
-177.491  59.514       0
-177.498   59.53       0
-177.518  59.542       0
-177.606  59.564       0
-177.645  59.584       0
 -177.66  59.603       0
-177.662   59.63       0
-177.646  59.648       0
 -177.62  59.661       0
-177.585  59.666       0
-177.502  59.668       0
-177.459  59.673       0
-177.402  59.703       0
-177.356  59.695       0
-177.321  59.684       0
-177.285  59.682       0
-177.256  59.689       0
-177.233  59.701       0
-177.228  59.713       0
-177.245  59.726       0
-177.274  59.737       0
-177.322  59.748       0
-177.376  59.752       0
-177.431  59.754       0
-177.464  59.763       0
-177.515  59.784       0
 -177.55  59.789       0
-177.574  59.788       0
-177.681  59.759       0
-177.832  59.731       0
-177.904  59.706       0
-178.002  59.657       0
 -178.02  59.653       0
-178.078  59.654       0
-178.152  59.664       0
 -178.27  59.692       0
-178.308  59.704       0
-178.314  59.703       0
-178.376   59.73       0
-178.421  59.754       0
-178.462  59.763       0
-178.497  59.762       0
-178.508  59.758       0
 -178.54  59.739       0
-178.581  59.733       0
-178.605  59.741       0
-178.646  59.767       0
 -178.68  59.779       0
-178.836  59.815       0
-178.903  59.838       0
-178.998  59.881       0
-179.032  59.904       0
-179.049  59.922       0
-179.047  59.947       0
-179.012  59.976       0
-178.977  59.995       0
 -178.94   60.01       0
-178.928  60.017       0
-178.924  60.016       0
-178.775  60.077       0
-178.715  60.107       0
-178.705   60.11       0
-178.644  60.151       0
-178.615  60.174       0
-178.576  60.217       0
-178.545  60.273       0
-178.507  60.306       0
-178.474  60.321       0
 -178.39  60.352       0
-178.261  60.385       0
-178.217  60.402       0
-178.169  60.431       0
 -178.14  60.468       0
-178.136  60.499       0
-178.145  60.531       0
-178.168  60.561       0
-178.219  60.594       0
-178.272  60.618       0
-178.311  60.632       0
-178.415  60.663       0
-178.472  60.688       0
-178.499  60.705       0
 -178.52  60.727       0
 -178.54  60.766       0
-178.549  60.851       0
-178.553  60.854       0
-178.551  60.874       0
-178.577  60.966       0
-178.592  61.036       0
-178.604  61.071       0
-178.629  61.158       0
-178.654  61.245       0
-178.657  61.247       0
-178.697  61.395       0
-178.711  61.421       0
-178.732  61.441       0
-178.757  61.453       0
-178.781  61.458       0
-178.809  61.457       0
-178.866  61.445       0
-178.899  61.431       0
-178.927   61.41       0
 -178.98  61.348       0
-179.032  61.303       0
-179.189   61.19       0
-179.254  61.149       0
-179.434  61.059       0
-179.479  61.039       0
-179.628  60.966       0
-179.735  60.915       0
-179.781  60.895       0
-179.829  60.881       0
-179.895  60.874       0
 -179.94  60.878       0
-179.992  60.889       0
    -180  60.891       0
>
-171.409  52.836       0
 -171.36  52.849       0
-171.298  52.857       0
-171.241  52.857       0
-171.228  52.855       0
 -171.21  52.847       0
-171.207  52.822       0
 -171.23  52.789       0
-171.252  52.778       0
-171.264  52.774       0
-171.297  52.773       0
 -171.33  52.764       0
-171.361  52.741       0
-171.384  52.714       0
-171.393   52.71       0
-171.419  52.713       0
-171.455   52.72       0
-171.576  52.735       0
-171.607  52.744       0
-171.609  52.753       0
-171.596  52.767       0
-171.535  52.793       0
-171.486  52.811       0
-171.409  52.836       0
>
-170.289  52.718       0
-170.327  52.751       0
-170.329   52.78       0
-170.315  52.816       0
-170.281  52.874       0
-170.272  52.881       0
-170.255  52.881       0
-170.202  52.846       0
-170.162  52.827       0
-170.135  52.817       0
-170.102  52.799       0
-170.081  52.785       0
-170.082  52.783       0
-170.064  52.759       0
-170.061  52.732       0
-170.064  52.716       0
 -170.08  52.699       0
-170.119  52.673       0
-170.122  52.674       0
-170.174  52.659       0
 -170.21  52.657       0
-170.238  52.662       0
-170.271  52.677       0
-170.279  52.689       0
 -170.28  52.707       0
-170.289  52.718       0
>
-171.337  52.536       0
-171.249  52.572       0
-171.197  52.597       0
-171.149  52.609       0
-171.115   52.61       0
-171.097  52.608       0
-171.073  52.593       0
-171.068  52.586       0
-171.068   52.57       0
-171.086   52.55       0
-171.149  52.516       0
-171.174   52.49       0
-171.212  52.434       0
-171.241  52.417       0
-171.294  52.406       0
-171.342  52.404       0
-171.366  52.411       0
-171.395  52.428       0
-171.404  52.451       0
-171.367  52.516       0
-171.353   52.53       0
-171.337  52.536       0
>
-170.912  52.624       0
-170.889  52.659       0
-170.845  52.696       0
-170.798  52.721       0
-170.731   52.74       0
-170.675  52.748       0
-170.627  52.746       0
-170.571  52.739       0
-170.543  52.727       0
-170.521  52.712       0
-170.502  52.674       0
-170.507  52.644       0
-170.542  52.594       0
-170.608  52.549       0
-170.669  52.522       0
-170.746    52.5       0
-170.809  52.495       0
-170.859  52.501       0
  -170.9  52.525       0
-170.915  52.541       0
-170.922  52.573       0
-170.912  52.624       0
>
-170.688  52.361       0
-170.653  52.344       0
-170.638  52.332       0
-170.632  52.315       0
 -170.65  52.291       0
-170.693  52.275       0
-170.705  52.268       0
-170.717  52.266       0
-170.731  52.272       0
-170.736  52.291       0
-170.766   52.32       0
-170.771  52.332       0
-170.771  52.346       0
-170.758   52.36       0
-170.741  52.367       0
-170.688  52.361       0
>
-169.891  52.543       0
-169.878  52.512       0
-169.869  52.504       0
-169.866  52.496       0
-169.874  52.484       0
-169.904  52.483       0
-169.947  52.504       0
-169.951  52.503       0
-169.981   52.52       0
-169.992  52.532       0
-169.989  52.558       0
-169.977  52.567       0
-169.954  52.572       0
-169.935  52.571       0
-169.904  52.557       0
-169.891  52.543       0
>
-170.199  52.441       0
-170.117  52.476       0
-170.093  52.476       0
-170.084  52.469       0
-170.084  52.454       0
-170.096  52.439       0
-170.104  52.437       0
-170.151    52.4       0
-170.175   52.39       0
-170.194  52.389       0
-170.207  52.401       0
-170.214  52.426       0
-170.199  52.441       0
>
 -177.94  51.922       0
 -177.88  51.913       0
-177.846  51.896       0
-177.811  51.877       0
 -177.76  51.879       0
-177.712  51.876       0
-177.679   51.88       0
-177.632  51.875       0
-177.592  51.878       0
-177.557  51.873       0
-177.537  51.864       0
-177.475   51.83       0
-177.373  51.843       0
-177.325  51.852       0
-177.297  51.864       0
-177.291  51.871       0
-177.283  51.874       0
-177.275   51.92       0
-177.249   51.95       0
-177.202  51.965       0
-177.197  51.964       0
-177.167  51.968       0
-177.076  51.953       0
-177.069  51.947       0
-177.009  51.932       0
-176.961  51.932       0
-176.932   51.94       0
-176.806  51.983       0
 -176.77  51.989       0
-176.765  51.988       0
-176.664  52.014       0
-176.499   52.03       0
-176.375  52.068       0
-176.279  52.088       0
>
-176.121  52.128       0
-176.098   52.13       0
-175.948  52.164       0
-175.719  52.192       0
-175.637  52.206       0
-175.563  52.202       0
  -175.5  52.183       0
-175.385  52.162       0
-175.326  52.167       0
-175.298  52.166       0
-175.293  52.164       0
-175.288  52.154       0
-175.297  52.139       0
-175.294  52.135       0
-175.193  52.146       0
-175.159   52.16       0
-175.152   52.18       0
>
-176.988  51.578       0
-177.066  51.563       0
-177.132  51.549       0
-177.225  51.542       0
 -177.26  51.547       0
-177.292  51.562       0
-177.316   51.61       0
 -177.34  51.643       0
-177.355  51.654       0
-177.367  51.658       0
-177.387  51.659       0
-177.417  51.653       0
-177.468  51.631       0
-177.525  51.625       0
-177.564  51.608       0
-177.629  51.584       0
-177.672  51.577       0
-177.745   51.59       0
-177.813  51.577       0
-177.866  51.572       0
-177.899  51.564       0
-177.918  51.564       0
-177.982  51.559       0
-178.009  51.567       0
-178.124  51.571       0
-178.155  51.579       0
-178.177  51.588       0
-178.225    51.6       0
-178.243  51.615       0
-178.248   51.64       0
 -178.25   51.66       0
-178.288  51.689       0
  -178.3  51.707       0
-178.296  51.726       0
-178.271  51.757       0
-178.239  51.774       0
>
-179.129   51.59       0
-179.129  51.602       0
-179.107  51.613       0
-179.075  51.621       0
-179.018  51.622       0
-178.961  51.615       0
-178.908  51.612       0
-178.797  51.618       0
-178.762  51.623       0
 -178.68  51.641       0
-178.576  51.654       0
-178.516  51.654       0
-178.482  51.649       0
-178.429  51.618       0
-178.376  51.577       0
-178.352  51.535       0
-178.309  51.505       0
-178.245  51.476       0
-178.213  51.454       0
-178.203  51.439       0
-178.213   51.43       0
-178.234   51.42       0
-178.266  51.415       0
-178.327  51.415       0
-178.361  51.418       0
-178.385  51.427       0
-178.381  51.429       0
-178.442  51.468       0
-178.495  51.484       0
-178.605  51.497       0
-178.698  51.514       0
-178.704  51.513       0
-178.716  51.516       0
-178.722  51.513       0
>
-179.154  51.307       0
-179.142  51.322       0
-179.106  51.347       0
-179.097  51.356       0
-179.025  51.388       0
-179.019  51.396       0
-179.013  51.395       0
-179.007  51.398       0
 -179.01  51.401       0
-178.995  51.416       0
-178.975  51.421       0
-178.962  51.421       0
-178.929  51.405       0
-178.872  51.354       0
-178.867  51.335       0
-178.873   51.32       0
-178.921  51.294       0
-178.955  51.269       0
-178.985  51.255       0
-178.992  51.258       0
-179.028  51.247       0
-179.037  51.238       0
-179.043  51.214       0
>
-178.921   51.55       0
-178.947  51.556       0
-178.968  51.555       0
-178.993  51.538       0
-179.029  51.532       0
>
-178.591  51.408       0
-178.601  51.415       0
-178.603  51.413       0
-178.604  51.421       0
-178.596   51.43       0
-178.567   51.43       0
-178.542  51.422       0
-178.524  51.397       0
-178.528  51.385       0
 -178.56  51.392       0
-178.591  51.408       0
>
-190.033  59.304       0
-189.997  59.327       0
-189.809  59.373       0
-189.737  59.373       0
-189.692  59.327       0
-189.683  59.291       0
 -189.71  59.263       0
-189.746  59.249       0
-189.863  59.258       0
-189.935  59.226       0
-189.997  59.212       0
-190.015  59.212       0
 -190.06  59.217       0
-190.069  59.268       0
-190.033  59.304       0
>
-189.512  59.437       0
-189.476  59.456       0
-189.396  59.465       0
-189.369  59.447       0
 -189.36  59.337       0
-189.342  59.281       0
-189.351  59.226       0
-189.396  59.199       0
 -189.44  59.194       0
-189.503  59.203       0
-189.566  59.226       0
-189.611  59.277       0
-189.611  59.346       0
-189.593  59.382       0
-189.521  59.433       0
-189.512  59.437       0
>
-189.252  58.472       0
-189.216  58.519       0
-189.144  58.529       0
-189.108  58.514       0
 -189.09  58.491       0
 -189.09   58.43       0
-189.144  58.406       0
-189.198  58.411       0
-189.234  58.434       0
-189.252  58.458       0
-189.252  58.472       0
>
-189.845  58.707       0
-189.809  58.702       0
  -189.8  58.679       0
-189.818   58.66       0
-189.854   58.66       0
-189.863  58.688       0
-189.845  58.707       0
>
-189.602  58.017       0
-189.575  58.046       0
-189.548  58.051       0
-189.521  58.041       0
-189.476   57.96       0
-189.494  57.946       0
-189.521  57.946       0
-189.557   57.96       0
-189.602  58.017       0
>
-191.507  54.265       0
-191.426  54.259       0
-191.408  54.244       0
-191.417  54.201       0
 -191.48  54.191       0
-191.525  54.207       0
-191.542  54.228       0
-191.533  54.249       0
-191.507  54.265       0
>
-190.869  54.099       0
-190.896  54.091       0
-190.923  54.107       0
-190.914  54.122       0
-190.878  54.117       0
-190.869  54.099       0
>
-189.297  53.307       0
-189.378  53.355       0
-189.369  53.377       0
-189.342  53.388       0
-189.234  53.377       0
-189.153  53.382       0
-189.081  53.345       0
-188.821  53.156       0
-188.785  53.124       0
-188.767  53.075       0
-188.848  53.032       0
-188.866  52.972       0
-188.857  52.967       0
-188.892  52.913       0
-188.991  52.896       0
-189.189  52.902       0
-189.243  52.918       0
-189.279  52.945       0
 -189.27  52.988       0
-189.135  53.059       0
-189.162  53.199       0
-189.261  53.291       0
-189.297  53.307       0
>
-188.102  53.135       0
-188.057  53.108       0
-188.066  53.081       0
-188.084  53.075       0
-188.192  53.108       0
-188.273  53.113       0
-188.345  53.135       0
-188.354  53.151       0
-188.336  53.151       0
-188.282  53.183       0
-188.246  53.183       0
-188.165  53.156       0
-188.102  53.135       0
>
 -188.03  52.826       0
 -188.03  52.842       0
-187.985  52.858       0
-187.958  52.847       0
-187.976  52.826       0
 -188.03  52.826       0
>
-188.389  52.777       0
-188.354  52.793       0
-188.318  52.787       0
  -188.3  52.771       0
-188.336   52.76       0
 -188.38  52.771       0
-188.389  52.777       0
>
-193.285  55.308       0
-193.474  55.369       0
-193.555  55.369       0
-193.905  55.497       0
-193.959  55.492       0
-194.004  55.467       0
 -194.39  55.558       0
-194.444  55.614       0
-194.471  55.721       0
-194.489  55.741       0
-194.561  55.756       0
-194.597  55.751       0
-194.687  55.706       0
 -194.74  55.655       0
-194.812  55.635       0
 -195.01  55.645       0
-195.073  55.614       0
-195.055  55.574       0
-194.947  55.533       0
-194.884  55.461       0
-194.848  55.461       0
-194.812  55.472       0
-194.776  55.472       0
-194.704  55.441       0
-194.704  55.426       0
-194.722   55.41       0
-194.704  55.375       0
-194.615  55.328       0
-194.408  55.241       0
-194.255  55.113       0
-194.121  55.041       0
-193.959  54.989       0
-193.932  54.937       0
-193.887  54.901       0
-193.698  54.803       0
-193.591   54.72       0
-193.591  54.678       0
-193.483  54.595       0
-193.447  54.584       0
-193.357  54.527       0
-193.303  54.511       0
-193.213  54.501       0
-193.168  54.516       0
-193.159  54.568       0
-193.088  54.558       0
-192.989  54.511       0
-192.971   54.49       0
-193.007  54.438       0
-192.953   54.37       0
-192.827  54.338       0
-192.728  54.343       0
 -192.71  54.354       0
-192.683  54.391       0
-192.701  54.438       0
-192.737  54.464       0
-192.692  54.485       0
-192.486  54.422       0
-192.369  54.396       0
-192.171  54.385       0
-192.081  54.396       0
-191.974  54.375       0
-191.758  54.359       0
-191.614  54.322       0
-191.471  54.317       0
-191.435  54.343       0
-191.444  54.385       0
-191.462  54.406       0
-191.542  54.448       0
-191.578  54.485       0
-191.659  54.532       0
-191.767  54.568       0
-191.857  54.626       0
 -191.92  54.725       0
-191.974  54.751       0
-192.099  54.771       0
-192.189  54.803       0
-192.477  54.968       0
-192.531  55.056       0
-192.881  55.164       0
-193.186  55.282       0
-193.285  55.308       0
>
-181.095  54.699       0
-181.104  54.688       0
-181.149  54.688       0
-181.185  54.709       0
-181.167  54.735       0
-181.131  54.735       0
-181.095  54.704       0
-181.095  54.699       0
>
-180.763  54.709       0
-180.691  54.683       0
-180.664  54.652       0
-180.673    54.6       0
-180.799  54.506       0
-180.862  54.495       0
-180.925  54.521       0
-180.952    54.6       0
-180.889  54.667       0
-180.808  54.704       0
-180.763  54.709       0
>
-181.571  54.953       0
-181.544  54.958       0
-181.499  54.963       0
-181.185  54.829       0
-181.176  54.787       0
-181.302  54.751       0
-181.428  54.782       0
-181.598  54.844       0
-181.616  54.891       0
-181.571  54.953       0
>
-180.018   54.02       0
-180.042  53.966       0
 -180.08  53.927       0
-180.125  53.916       0
-180.197  53.911       0
 -180.26  53.953       0
-180.377   54.08       0
-180.529  54.201       0
 -180.52  54.275       0
-180.646  54.312       0
  -180.7  54.338       0
-180.709  54.396       0
-180.664  54.433       0
-180.439  54.469       0
-180.395  54.469       0
-180.323  54.438       0
-180.287  54.401       0
-180.287  54.375       0
-180.179  54.328       0
 -180.17  54.212       0
-180.215  54.143       0
-180.143  54.143       0
-180.026  54.091       0
-180.018   54.02       0
>
 -184.76  51.857       0
 -184.76  51.941       0
-184.724  52.002       0
 -184.67   52.04       0
-184.617   52.04       0
 -184.59  52.013       0
 -184.59  51.979       0
-184.662  51.902       0
-184.617  51.796       0
-184.626  51.746       0
-184.644  51.724       0
-184.662  51.724       0
-184.751  51.807       0
 -184.76  51.846       0
 -184.76  51.857       0
>
-184.495   51.96       0
-184.464  51.985       0
-184.419  51.991       0
-184.392  51.979       0
-184.392  51.957       0
-184.464  51.946       0
-184.495   51.96       0
>
-183.332  52.311       0
-183.287    52.3       0
-183.287  52.283       0
-183.341    52.3       0
-183.332  52.311       0
>
-183.125  52.283       0
-183.125  52.272       0
-183.143  52.261       0
-183.179  52.278       0
 -183.17  52.289       0
-183.152  52.289       0
-183.125  52.283       0
>
-183.054  52.261       0
-183.018  52.245       0
-183.027  52.234       0
-183.063  52.239       0
-183.072   52.25       0
-183.054  52.261       0
>
-182.964  52.162       0
-182.928   52.19       0
-182.874  52.184       0
-182.874  52.168       0
-182.937  52.129       0
-182.973  52.134       0
-182.964  52.162       0
>
    -180  52.522       0
-180.008   52.52       0
-180.116  52.525       0
 -180.17   52.47       0
-180.197  52.459       0
-180.323  52.443       0
-180.386   52.41       0
-180.439  52.344       0
-180.431  52.294       0
-180.619   52.25       0
-180.799  52.151       0
-180.862  52.085       0
-180.853  52.035       0
-180.772  51.957       0
-180.736  51.902       0
-180.691  51.868       0
-180.619  51.841       0
-180.529  51.824       0
-180.323  51.802       0
-180.242  51.829       0
-180.206  51.852       0
-180.071  51.996       0
 -180.05  51.998       0
-180.035  51.991       0
-180.018  51.985       0
    -180  51.967       0
>
-180.511  51.505       0
-180.511  51.522       0
-180.448  51.533       0
-180.439  51.522       0
-180.448  51.505       0
-180.511  51.505       0
>
-180.323  51.489       0
-180.215  51.444       0
-180.161  51.432       0
-180.143  51.444       0
-180.143  51.472       0
-180.269  51.511       0
-180.305  51.505       0
-180.323  51.489       0
>
-181.005  51.802       0
-181.185  51.846       0
-181.185  51.863       0
-181.158  51.874       0
-181.077  51.885       0
-180.925  51.863       0
-180.889  51.846       0
-180.898  51.824       0
-180.961  51.802       0
-181.005  51.802       0
>
-184.207   52.52       0
-184.347  52.498       0
-184.554  52.514       0
 -184.59  52.509       0
-184.599  52.492       0
-184.554  52.476       0
-184.347  52.421       0
-184.275  52.372       0
-184.257  52.328       0
-184.311  52.289       0
-184.293  52.256       0
-184.078   52.19       0
-184.024  52.146       0
-184.042  52.107       0
-184.105  52.079       0
 -184.14  51.963       0
-184.167  51.924       0
 -184.23  51.885       0
-184.419  51.846       0
-184.482  51.802       0
-184.509  51.757       0
-184.491  51.707       0
-184.419  51.623       0
-184.338  51.589       0
-184.239  51.634       0
-184.176  51.645       0
-184.096  51.645       0
 -184.06  51.662       0
-184.069  51.696       0
-184.123  51.724       0
-184.123  51.746       0
-184.096  51.763       0
-183.988  51.746       0
-183.943  51.835       0
-183.853  51.924       0
-183.844  51.985       0
-183.925  52.046       0
-183.925  52.168       0
 -183.88  52.179       0
-183.736  52.085       0
-183.646  52.046       0
-183.476  51.957       0
-183.413  51.896       0
-183.332  51.879       0
 -183.26  51.885       0
-183.098  51.935       0
-182.928  52.013       0
-182.892  52.013       0
-182.847  51.957       0
-182.847  51.935       0
 -183.08  51.701       0
-183.152  51.651       0
-183.152  51.634       0
-183.089  51.634       0
-182.937   51.69       0
-182.676  51.696       0
-182.479  51.763       0
-182.434  51.757       0
-182.299  51.701       0
-182.137  51.679       0
-182.047   51.69       0
-181.976  51.718       0
 -181.94  51.701       0
-181.931  51.634       0
-181.706  51.561       0
-181.652  51.556       0
-181.571  51.567       0
-181.562  51.539       0
 -181.58    51.5       0
-181.473  51.455       0
-181.221  51.376       0
 -181.14  51.371       0
-181.113  51.354       0
-181.104  51.326       0
-181.068  51.292       0
-181.005  51.258       0
-180.925  51.236       0
-180.925  51.219       0
-180.862  51.207       0
-180.664   51.23       0
-180.511  51.219       0
-180.457  51.258       0
-180.448  51.331       0
-180.484  51.444       0
-180.556  51.477       0
-180.646  51.505       0
-181.014  51.679       0
-181.257  51.729       0
-181.544  51.818       0
-181.535  51.841       0
-181.446  51.846       0
-181.347  51.868       0
 -181.32  51.907       0
-181.347  51.968       0
-181.383  52.007       0
-181.446   52.04       0
-181.643  52.068       0
-181.805  52.112       0
-181.904  52.112       0
-181.958  52.101       0
-182.012  52.068       0
-182.029  52.007       0
-181.985  51.941       0
-181.994  51.924       0
 -182.11  51.957       0
-182.191  52.013       0
-182.173  52.057       0
  -182.2  52.107       0
-182.317  52.179       0
-182.425   52.19       0
-182.515  52.179       0
-182.559  52.162       0
-182.622  52.173       0
-182.667  52.168       0
-182.721  52.123       0
-182.712  52.068       0
 -182.73  52.063       0
-182.919  52.074       0
-183.161  52.134       0
-183.521  52.168       0
-183.664  52.223       0
-183.871  52.339       0
-183.736  52.366       0
-183.736  52.399       0
-183.799  52.421       0
-183.934  52.437       0
 -184.06  52.498       0
-184.207   52.52       0
>
-185.294  51.991       0
 -185.29  52.046       0
-185.263  52.068       0
  -185.2  52.107       0
-185.066  52.123       0
-185.057  52.146       0
-185.075  52.162       0
-185.075  52.184       0
    -185  52.227       0
-184.922  52.272       0
-184.742  52.322       0
-184.635  52.317       0
-184.509  52.278       0
-184.482  52.212       0
-184.527  52.168       0
-184.913  51.985       0
-184.949  51.996       0
-184.976  52.035       0
    -185  52.037       0
-185.039   52.04       0
 -185.12  52.079       0
-185.147  52.074       0
-185.174  52.051       0
-185.174  51.974       0
  -185.2  51.957       0
-185.236  51.963       0
-185.294  51.991       0
>
-187.383   52.76       0
-187.356  52.706       0
-187.276  52.651       0
-187.204  52.607       0
-187.006  52.525       0
-187.006  52.476       0
-186.988  52.416       0
-186.916  52.383       0
-186.853  52.372       0
 -186.62    52.3       0
-186.584  52.267       0
-186.539  52.234       0
-186.377  52.173       0
 -186.18  52.118       0
-186.135  52.118       0
-186.099  52.129       0
-186.054  52.201       0
-185.964  52.294       0
-185.928  52.311       0
-185.883  52.317       0
-185.775  52.267       0
 -185.73  52.261       0
-185.704  52.201       0
-185.668  52.184       0
-185.605   52.19       0
-185.524  52.234       0
-185.497  52.283       0
-185.506  52.328       0
-185.479  52.339       0
-185.353  52.366       0
-185.209  52.361       0
-185.147  52.377       0
-185.138  52.394       0
-185.156  52.437       0
-185.218  52.476       0
-185.218  52.492       0
-185.174  52.498       0
 -185.03  52.416       0
    -185   52.41       0
-184.886  52.388       0
-184.868  52.394       0
-184.859  52.443       0
-184.886  52.465       0
-184.949  52.498       0
    -185  52.511       0
-185.093  52.536       0
-185.165  52.607       0
-185.245   52.64       0
-185.452    52.7       0
-185.506  52.755       0
-185.623  52.793       0
 -185.73  52.793       0
-186.243  52.885       0
-186.296  52.885       0
-186.539  52.967       0
 -186.62  53.037       0
 -186.71  53.086       0
 -186.79  53.118       0
-186.961   53.14       0
-187.249  53.151       0
-187.294  53.145       0
 -187.41  53.102       0
-187.707  53.053       0
-187.797   53.01       0
-187.815  52.978       0
-187.779  52.967       0
-187.779   52.94       0
-187.904  52.869       0
-187.904  52.842       0
-187.868  52.831       0
-187.779  52.831       0
-187.518  52.815       0
-187.545  52.793       0
-187.626  52.771       0
-187.626   52.76       0
 -187.59  52.744       0
-187.455  52.771       0
-187.383   52.76       0
>
-180.001  60.801       0
-180.004  60.801       0
-180.278  60.791       0
-180.574    60.8       0
 -180.79  60.791       0
-180.934  60.817       0
-180.978  60.835       0
-180.969   60.87       0
-180.853  60.923       0
-180.862  60.944       0
 -180.88  60.953       0
-181.284  61.027       0
-181.275   61.04       0
-181.221  61.058       0
-181.239  61.084       0
-181.293  61.084       0
-181.419   61.11       0
-181.508   61.14       0
 -181.76  61.258       0
-181.931  61.409       0
-181.967  61.469       0
-181.994  61.486       0
-182.074  61.495       0
-182.191   61.52       0
-182.353  61.585       0
 -182.55  61.708       0
-182.658  61.755       0
-182.784  61.781       0
-182.982  61.781       0
 -183.08  61.768       0
-183.287  61.721       0
-183.404  61.674       0
-183.593  61.572       0
-183.628  61.563       0
-183.646  61.563       0
-183.664  61.585       0
-183.736  61.589       0
-183.862  61.542       0
-184.239  61.365       0
-184.545  61.249       0
-184.688  61.206       0
-184.742  61.197       0
-184.877   61.21       0
-184.967  61.201       0
    -185  61.193       0
-185.021  61.188       0
-185.174   61.11       0
-185.371  61.019       0
 -185.73  60.844       0
-185.784  60.826       0
-185.856  60.848       0
-185.883  60.839       0
-185.955  60.756       0
-186.144  60.699       0
-186.189  60.694       0
-186.243  60.725       0
 -186.26  60.725       0
-186.332  60.686       0
-186.422  60.672       0
-186.593  60.699       0
-186.862  60.787       0
-186.943  60.796       0
-187.078  60.765       0
-187.195  60.721       0
-187.536  60.571       0
-187.581  60.558       0
-187.689  60.558       0
-187.886   60.54       0
-187.994  60.522       0
-188.039    60.5       0
-188.093  60.438       0
-188.129  60.425       0
-188.336  60.429       0
 -188.47  60.411       0
-188.641  60.367       0
-188.722  60.322       0
-188.785  60.238       0
-188.839  60.202       0
-188.866  60.049       0
    -189   59.91       0
-189.153  59.797       0
-189.198  59.747       0
-189.288  59.674       0
-189.306  59.643       0
-189.243  59.611       0
-189.243  59.597       0
-189.288  59.574       0
-189.467  59.533       0
-189.593  59.529       0
-189.719  59.556       0
-189.791  59.556       0
-189.827  59.579       0
-189.836  59.638       0
-189.881   59.72       0
-189.926  59.756       0
-189.997  59.792       0
-190.024  59.801       0
-190.177  59.829       0
-190.357  59.887       0
-190.635  59.937       0
-190.689  59.968       0
-190.734  59.982       0
-190.779  59.959       0
-190.815  59.968       0
-190.842  59.991       0
-191.354      60       0
-191.363  60.036       0
 -191.39   60.04       0
-191.525  59.982       0
-191.623  59.946       0
-191.713  59.937       0
-191.722  59.964       0
-191.623  60.036       0
-191.623  60.049       0
-191.632  60.049       0
-191.659  60.045       0
-191.758  60.009       0
-191.839  59.991       0
-191.848  59.982       0
-192.019  59.968       0
 -192.18  59.977       0
-192.198  59.968       0
-192.234   59.91       0
-192.495  59.815       0
  -192.8  59.693       0
-192.872  59.656       0
-192.908  59.647       0
-192.998  59.656       0
-193.034  59.606       0
-193.123   59.57       0
-193.168  59.574       0
-193.231  59.561       0
-193.303   59.57       0
-193.348  59.565       0
-193.384  59.547       0
-193.375  59.447       0
-193.402  59.392       0
-193.492  59.309       0
-193.537    59.3       0
-193.528  59.249       0
-193.573  59.222       0
-193.716   59.18       0
-193.842  59.171       0
 -193.95  59.185       0
-194.022  59.189       0
-194.022  59.171       0
-193.968  59.139       0
-193.968  59.106       0
-193.986  59.102       0
-194.201  59.157       0
-194.228  59.157       0
-194.255  59.143       0
-194.282  59.083       0
-194.318  59.051       0
-194.426  59.042       0
-194.471  59.051       0
-194.606  59.097       0
-194.678  59.102       0
-194.893  59.023       0
-195.234  58.777       0
-195.369  58.702       0
-195.756  58.547       0
-195.836  58.496       0
-195.908  58.416       0
 -195.98  58.312       0
-196.133  58.155       0
-196.339  58.008       0
-196.348  57.974       0
 -196.33  57.974       0
-196.303   57.97       0
-196.268  57.932       0
-196.286  57.879       0
-196.555  57.595       0
-196.609  57.523       0
  -196.6  57.455       0
-196.591  57.436       0
-196.546  57.373       0
-196.555  57.324       0
-196.591    57.3       0
-196.735  57.266       0
-196.735  57.247       0
-196.654  57.227       0
-196.627  57.139       0
-196.681  57.066       0
-196.726  56.938       0
 -196.78  56.884       0
-196.771   56.87       0
-196.519  56.786       0
-196.465  56.727       0
-196.483  56.608       0
-196.447  56.598       0
-196.411  56.613       0
-196.375  56.613       0
-196.357  56.598       0
-196.357  56.578       0
-196.438  56.529       0
-196.456  56.504       0
 -196.42  56.469       0
 -196.42  56.419       0
-196.375  56.409       0
-196.348  56.419       0
-196.286  56.409       0
-196.268  56.364       0
-196.294  56.345       0
-196.429  56.325       0
-196.456  56.315       0
-196.501  56.265       0
-196.519   56.19       0
-196.564  56.134       0
-196.699  56.064       0
-196.735  56.009       0
-196.735  55.918       0
-196.753  55.863       0
-196.807  55.842       0
-196.869  55.847       0
-197.031  55.898       0
-197.247  56.014       0
-197.283  56.029       0
-197.381  56.014       0
-197.435  55.999       0
-197.489  55.953       0
-197.525  55.842       0
-197.561  55.812       0
-197.669  55.802       0
-197.714  55.766       0
-197.795  55.736       0
 -197.84  55.675       0
-197.777  55.675       0
-197.759  55.665       0
-197.777  55.635       0
-197.956  55.533       0
-197.983  55.487       0
-197.983  55.456       0
-197.884  55.205       0
-197.867   55.19       0
-197.813   55.19       0
-197.768  55.154       0
-197.678  55.113       0
-197.579  55.051       0
-197.525  54.979       0
-197.525  54.896       0
-197.579  54.787       0
-197.678  54.657       0
-197.723  54.626       0
-197.759  54.621       0
-197.849  54.631       0
-197.974  54.621       0
-198.019  54.589       0
-198.082  54.485       0
-198.163  54.427       0
-198.316  54.396       0
 -198.81  54.343       0
-198.801  54.301       0
-198.882  54.244       0
-198.944  54.175       0
 -198.98  54.138       0
-199.232   54.17       0
-199.439  54.175       0
-199.421  54.122       0
-199.412  54.059       0
-199.483  53.783       0
-199.528  53.709       0
-199.573  53.671       0
-199.609  53.655       0
 -199.69  53.645       0
-199.735  53.618       0
-199.753  53.516       0
-199.744  53.457       0
-199.735  53.189       0
-199.897  52.891       0
-199.995  52.804       0
    -200 52.7918       0
>
-179.701  53.282       0
-179.703  53.247       0
-179.714  53.229       0
 -179.73  53.216       0
-179.767  53.207       0
 -179.81  53.223       0
-179.843  53.247       0
 -179.88  53.295       0
-179.925  53.403       0
-179.924  53.502       0
-179.929  53.549       0
 -179.93  53.571       0
-179.919  53.589       0
-179.898  53.601       0
-179.874  53.605       0
-179.831  53.597       0
-179.814  53.588       0
-179.796  53.564       0
 -179.78   53.54       0
-179.769  53.519       0
-179.759  53.498       0
 -179.75  53.477       0
-179.738  53.442       0
-179.726  53.407       0
-179.711   53.35       0
-179.706  53.319       0
-179.701  53.282       0
>
    -160 54.3674       0
  -160.2  54.336       0
-160.272  54.322       0
-160.275   54.32       0
-160.422  54.286       0
-160.486  54.269       0
-160.556  54.263       0
-160.746  54.273       0
-160.857  54.275       0
-160.944  54.271       0
    -161  54.272       0
-161.048  54.271       0
-161.193   54.26       0
-161.326  54.248       0
-161.405  54.229       0
-161.449  54.208       0
-161.568   54.12       0
-161.611  54.097       0
-161.658  54.083       0
-161.714  54.076       0
-161.825  54.088       0
-161.948  54.091       0
-162.095   54.07       0
-162.158  54.073       0
-162.221  54.082       0
-162.283  54.099       0
-162.387   54.13       0
 -162.44  54.132       0
-162.487   54.12       0
-162.562  54.112       0
-162.599    54.1       0
-162.674  54.065       0
-162.727  54.049       0
-162.864  54.035       0
-162.992   54.02       0
-163.023  54.011       0
-163.109  53.996       0
-163.169  53.985       0
-163.211  53.971       0
-163.366  53.904       0
-163.417   53.89       0
-163.589  53.857       0
-163.654  53.837       0
-163.693  53.821       0
-163.778  53.796       0
-163.849   53.79       0
-163.927  53.795       0
-164.029  53.798       0
-164.107  53.789       0
-164.206  53.762       0
-164.228  53.755       0
-164.313  53.735       0
-164.464  53.721       0
-164.574  53.706       0
-164.731  53.699       0
-164.887  53.704       0
-164.951   53.72       0
-164.973  53.724       0
-164.996  53.728       0
-165.041   53.73       0
-165.063  53.729       0
-165.087  53.726       0
-165.112  53.723       0
-165.136   53.72       0
 -165.16  53.716       0
-165.183  53.713       0
-165.207  53.709       0
-165.268  53.699       0
-165.327  53.688       0
-165.346  53.683       0
-165.363  53.676       0
-165.379  53.667       0
-165.394  53.658       0
 -165.42  53.638       0
-165.424  53.632       0
-165.481  53.615       0
-165.614   53.58       0
 -165.71  53.547       0
-165.828  53.498       0
-165.932  53.465       0
-165.991  53.446       0
-166.044   53.42       0
-166.117  53.364       0
 -166.22  53.319       0
-166.283  53.301       0
-166.428  53.281       0
 -166.52   53.26       0
-166.652  53.241       0
-166.735  53.216       0
-166.938  53.144       0
-166.943  53.144       0
-167.021  53.114       0
-167.092   53.09       0
-167.178  53.068       0
-167.322  53.027       0
-167.384  53.015       0
-167.433  53.011       0
 -167.53  52.985       0
-167.585  52.981       0
-167.614   52.98       0
-167.669  52.973       0
 -167.75  52.981       0
-167.788  52.975       0
-167.838  52.955       0
-167.861  52.952       0
-167.866  52.949       0
-167.942  52.954       0
-167.977  52.948       0
-168.029  52.928       0
-168.065  52.922       0
-168.131  52.941       0
-168.162   52.94       0
-168.183  52.932       0
-168.248  52.894       0
-168.282  52.884       0
-168.391   52.88       0
-168.429  52.872       0
-168.719  52.757       0
-168.833  52.717       0
-168.857  52.703       0
-168.915   52.66       0
-168.957  52.645       0
-169.034   52.64       0
-169.108  52.626       0
-169.149  52.616       0
-169.185  52.614       0
-169.191  52.616       0
-169.248   52.62       0
-169.323  52.612       0
-169.359  52.605       0
-169.446  52.582       0
-169.487  52.563       0
-169.544  52.528       0
 -169.62  52.475       0
-169.657  52.463       0
-169.705  52.462       0
-169.748  52.466       0
  -169.8  52.459       0
-169.886  52.435       0
-169.945  52.427       0
-169.948  52.426       0
-170.016   52.42       0
-170.035  52.416       0
-170.041  52.417       0
-170.083  52.404       0
-170.112   52.38       0
-170.134  52.371       0
-170.168  52.365       0
-170.248  52.371       0
-170.275  52.363       0
-170.319  52.344       0
-170.353  52.347       0
-170.403   52.37       0
-170.452  52.377       0
-170.487  52.368       0
-170.501  52.362       0
-170.529  52.338       0
-170.584  52.273       0
-170.623  52.246       0
-170.661   52.23       0
-170.684  52.227       0
-170.732  52.237       0
-170.781  52.237       0
-170.811  52.244       0
-170.849  52.279       0
-170.874  52.278       0
-170.918  52.294       0
-170.954  52.317       0
-170.972  52.342       0
 -170.99  52.381       0
-170.982  52.436       0
-170.988  52.454       0
-171.001  52.463       0
-171.032  52.469       0
-171.063  52.467       0
-171.087  52.456       0
-171.169  52.389       0
-171.193  52.368       0
-171.241  52.339       0
-171.288  52.325       0
-171.325  52.324       0
 -171.36  52.329       0
-171.384  52.337       0
-171.382  52.338       0
-171.401  52.344       0
-171.419  52.351       0
-171.437  52.357       0
-171.456  52.362       0
-171.475  52.363       0
-171.487  52.363       0
-171.499  52.361       0
 -171.51  52.358       0
-171.521  52.355       0
-171.532  52.352       0
-171.543  52.349       0
-171.554  52.346       0
-171.565  52.343       0
-171.637  52.329       0
-171.709  52.316       0
-171.727  52.311       0
-171.743  52.305       0
-171.758  52.297       0
-171.772  52.288       0
-171.784  52.278       0
-171.796  52.267       0
-171.805  52.257       0
-171.814  52.246       0
 -171.82  52.237       0
-171.825  52.227       0
-171.828  52.217       0
-171.829  52.206       0
-171.829  52.196       0
-171.828  52.185       0
-171.825  52.175       0
-171.821  52.165       0
-171.816  52.156       0
-171.801  52.138       0
-171.793  52.099       0
-171.806   52.07       0
-171.851  52.026       0
-171.859  52.009       0
-171.857  51.984       0
-171.873  51.963       0
-171.889  51.954       0
-171.918  51.944       0
-172.022  51.933       0
-172.065  51.933       0
-172.146  51.942       0
-172.225  51.962       0
-172.339  51.984       0
-172.408  52.001       0
-172.479  52.009       0
 -172.55  52.007       0
-172.688  51.992       0
-172.814   51.98       0
-173.012  51.953       0
-173.344  51.918       0
-173.464  51.911       0
 -173.54  51.903       0
-173.729   51.89       0
-173.733  51.887       0
-173.891  51.869       0
-173.895  51.867       0
-174.218  51.839       0
-174.319  51.839       0
-174.402  51.841       0
-174.704  51.828       0
 -174.71  51.825       0
-174.975  51.825       0
    -175  51.824       0
-175.156  51.813       0
-175.286  51.798       0
-175.367  51.796       0
-175.608  51.779       0
-175.612  51.777       0
-175.878  51.744       0
-175.975  51.732       0
-176.167    51.7       0
-176.391  51.652       0
-176.509  51.617       0
-176.664  51.564       0
-176.766  51.535       0
-176.816  51.527       0
-176.869  51.528       0
-176.899   51.54       0
-176.927  51.553       0
-176.957  51.556       0
-177.002   51.55       0
-177.056  51.537       0
-177.137  51.508       0
-177.196  51.497       0
 -177.24  51.498       0
-177.281  51.516       0
-177.321   51.55       0
-177.367  51.594       0
-177.387  51.607       0
-177.428  51.616       0
-177.505  51.598       0
-177.627   51.56       0
-177.664  51.554       0
-177.866  51.544       0
-177.946  51.538       0
-178.011  51.538       0
-178.016   51.54       0
 -178.09  51.543       0
-178.139  51.539       0
-178.182  51.517       0
-178.194  51.495       0
-178.153  51.439       0
-178.165  51.419       0
-178.178  51.406       0
-178.199  51.397       0
-178.223  51.395       0
-178.418  51.394       0
-178.506   51.36       0
-178.541  51.354       0
-178.571  51.356       0
-178.637   51.38       0
-178.642  51.385       0
-178.732  51.423       0
-178.782   51.45       0
-178.821   51.48       0
-178.862  51.495       0
-178.899  51.497       0
-178.972  51.481       0
-179.011  51.487       0
 -179.06  51.512       0
-179.131  51.528       0
 -179.17  51.539       0
-179.261  51.577       0
-179.309  51.603       0
-179.322  51.618       0
-179.323   51.63       0
-179.297  51.653       0
-179.259  51.672       0
-179.194  51.688       0
-179.116  51.693       0
-179.021  51.701       0
-178.933  51.703       0
-178.795  51.678       0
-178.754  51.677       0
 -178.64  51.686       0
-178.531  51.686       0
-178.435  51.679       0
-178.399  51.675       0
-178.375  51.678       0
-178.365  51.692       0
-178.367  51.698       0
-178.366  51.704       0
-178.373   51.73       0
-178.355  51.755       0
-178.302  51.792       0
-178.298  51.799       0
>
-174.038  52.436       0
-173.988  52.437       0
-173.906  52.458       0
-173.836  52.478       0
-173.726  52.484       0
 -173.63   52.51       0
-173.493  52.556       0
-173.388  52.597       0
-173.314  52.612       0
-173.283  52.613       0
-173.249  52.604       0
-173.244  52.601       0
-173.238   52.59       0
 -173.27  52.565       0
-173.376  52.535       0
-173.498   52.49       0
-173.583  52.449       0
-173.615  52.431       0
-173.634  52.413       0
-173.629  52.402       0
-173.617  52.392       0
-173.582  52.377       0
-173.563  52.374       0
-173.404  52.367       0
-173.307  52.344       0
  -173.2  52.322       0
-173.102  52.316       0
-172.922  52.332       0
-172.837  52.337       0
-172.794  52.349       0
 -172.76  52.373       0
-172.705  52.438       0
-172.681  52.458       0
-172.623  52.485       0
 -172.56  52.504       0
-172.554  52.505       0
 -172.53   52.52       0
-172.518  52.535       0
-172.517  52.551       0
-172.529  52.581       0
-172.527  52.602       0
-172.513  52.625       0
-172.479  52.646       0
-172.377  52.665       0
-172.329  52.671       0
-172.319  52.674       0
-172.295  52.676       0
 -172.25  52.676       0
-172.229  52.671       0
-172.206  52.653       0
-172.168  52.608       0
-172.135  52.586       0
-172.022   52.55       0
-172.001  52.538       0
-171.964  52.505       0
 -171.95  52.499       0
-171.925    52.5       0
-171.921  52.502       0
-171.916  52.522       0
-171.901  52.534       0
-171.878  52.538       0
-171.843  52.541       0
  -171.8  52.549       0
-171.752  52.534       0
-171.728  52.536       0
-171.706  52.548       0
-171.689  52.573       0
-171.648  52.594       0
-171.555  52.614       0
-171.535  52.621       0
-171.511  52.636       0
 -171.51  52.646       0
-171.541  52.668       0
 -171.69  52.692       0
-171.751  52.709       0
-171.791  52.726       0
-171.808  52.744       0
-171.815  52.768       0
-171.788  52.804       0
-171.739  52.833       0
 -171.66   52.87       0
-171.547  52.904       0
-171.466  52.906       0
-171.438  52.915       0
  -171.4  52.945       0
 -171.36   52.96       0
-171.302  52.969       0
-171.271  52.969       0
-171.168  52.982       0
-171.136  52.974       0
-171.101  52.953       0
-171.069  52.921       0
 -171.06  52.887       0
-171.078  52.808       0
-171.152  52.733       0
-171.166  52.713       0
-171.168  52.694       0
 -171.15  52.677       0
-171.112  52.657       0
-171.065  52.648       0
-171.032  52.651       0
-170.992   52.67       0
-170.948  52.706       0
-170.908  52.745       0
-170.842  52.794       0
 -170.76  52.837       0
-170.693  52.862       0
-170.627  52.902       0
-170.545  52.967       0
-170.549   52.97       0
-170.508  53.008       0
-170.459  53.042       0
-170.365  53.072       0
-170.305  53.089       0
-170.247  53.101       0
-170.112  53.137       0
-170.042  53.163       0
-170.004  53.169       0
-169.977   53.17       0
 -169.93  53.182       0
-169.926  53.187       0
 -169.83  53.226       0
-169.794  53.235       0
-169.776  53.236       0
-169.754  53.227       0
-169.737  53.204       0
-169.724  53.172       0
-169.707  53.155       0
-169.691  53.147       0
-169.596  53.142       0
-169.552   53.13       0
-169.515  53.108       0
-169.498  53.088       0
-169.479   53.03       0
-169.456  53.007       0
-169.442      53       0
-169.437  53.003       0
-169.426  52.999       0
-169.374  52.999       0
 -169.34  53.006       0
-169.309  53.018       0
-169.251  53.048       0
 -169.18  53.073       0
-169.156  53.085       0
-169.152  53.084       0
-169.086  53.124       0
-169.048  53.144       0
-168.998  53.165       0
 -168.95  53.192       0
-168.927  53.213       0
-168.923  53.234       0
-168.926  53.241       0
 -168.95  53.257       0
-168.997  53.267       0
-169.027  53.267       0
-169.042  53.272       0
-169.061  53.282       0
-169.057  53.295       0
-169.038  53.301       0
-168.913  53.325       0
-168.828  53.348       0
-168.825   53.35       0
-168.774  53.374       0
-168.739  53.402       0
-168.734   53.41       0
-168.705  53.439       0
-168.657  53.467       0
-168.534  53.509       0
-168.379  53.549       0
-168.334  53.567       0
-168.277  53.599       0
-168.241  53.621       0
-168.198  53.633       0
-168.075  53.637       0
-167.965  53.649       0
-167.917  53.648       0
-167.857  53.638       0
-167.803  53.624       0
 -167.75  53.602       0
-167.713  53.599       0
-167.678  53.606       0
-167.607  53.657       0
-167.559  53.678       0
-167.509  53.697       0
-167.483  53.718       0
-167.446  53.752       0
-167.353  53.792       0
-167.335  53.817       0
-167.315   53.85       0
-167.222  53.905       0
-167.193  53.936       0
 -167.16  53.959       0
-166.961  54.044       0
-166.823  54.076       0
-166.766  54.086       0
-166.679  54.095       0
-166.591   54.13       0
-166.553   54.14       0
-166.546  54.137       0
-166.497  54.138       0
-166.466  54.145       0
-166.419  54.168       0
-166.303  54.237       0
-166.212  54.277       0
-166.114   54.31       0
-166.032   54.35       0
-165.962  54.393       0
-165.928  54.427       0
-165.906  54.452       0
-165.882  54.497       0
-165.875  54.543       0
-165.886  54.557       0
-165.905  54.566       0
-166.011  54.551       0
-166.065   54.55       0
-166.151  54.551       0
 -166.27  54.543       0
-166.358  54.545       0
-166.474  54.559       0
-166.524  54.561       0
-166.692  54.555       0
-166.836  54.556       0
-166.864  54.555       0
-166.892  54.554       0
 -166.92  54.555       0
-166.947  54.556       0
-166.975  54.559       0
-167.002  54.563       0
-167.029  54.567       0
-167.055  54.573       0
-167.081  54.579       0
-167.107  54.585       0
-167.132  54.593       0
-167.156  54.601       0
 -167.18  54.609       0
-167.203  54.618       0
-167.219  54.626       0
-167.234  54.635       0
-167.247  54.645       0
-167.258  54.655       0
-167.268  54.666       0
-167.276  54.678       0
-167.282   54.69       0
-167.361   54.77       0
-167.386  54.821       0
-167.393  54.844       0
-167.409  54.874       0
-167.426  54.898       0
-167.467  54.935       0
-167.533  54.985       0
-167.634  55.038       0
 -167.74  55.089       0
-167.819   55.14       0
-167.876  55.189       0
-167.879  55.194       0
-167.908  55.217       0
-167.908   55.22       0
    -168  55.292       0
-168.019  55.304       0
-168.088  55.338       0
-168.206  55.392       0
-168.305  55.456       0
-168.315  55.458       0
-168.401  55.506       0
-168.444  55.526       0
-168.449  55.526       0
-168.526  55.563       0
-168.684   55.63       0
-168.719  55.649       0
-168.775  55.692       0
-168.842   55.76       0
-168.858  55.792       0
-168.866   55.83       0
-168.877  55.852       0
-168.881  55.895       0
-168.875  55.898       0
-168.866  55.916       0
-168.804  55.954       0
-168.683  56.015       0
-168.627   56.05       0
 -168.58  56.086       0
 -168.55  56.124       0
 -168.55  56.143       0
-168.568  56.158       0
-168.592  56.168       0
-168.642  56.177       0
-168.775  56.183       0
-169.042  56.179       0
 -169.12  56.179       0
-169.205  56.183       0
-169.209  56.182       0
 -169.27  56.186       0
-169.306  56.184       0
-169.319  56.179       0
-169.316  56.177       0
-169.321  56.173       0
-169.314  56.153       0
-169.298  56.128       0
-169.309  56.108       0
-169.379  56.085       0
-169.383  56.085       0
-169.565  56.045       0
-169.625  56.034       0
 -169.63  56.035       0
-169.722   56.02       0
-169.879  55.998       0
 -169.99  55.976       0
-170.002  55.976       0
-170.024  55.968       0
-170.057   55.96       0
-170.089  55.954       0
-170.128  55.951       0
-170.166  55.955       0
-170.199  55.971       0
-170.223  55.992       0
-170.257  56.009       0
-170.313   56.03       0
-170.456  56.074       0
-170.593  56.122       0
-170.596  56.122       0
-170.671  56.144       0
-170.706  56.142       0
-170.724  56.125       0
 -170.72  56.122       0
-170.722  56.115       0
 -170.74  56.109       0
-170.771  56.111       0
-170.809  56.126       0
-170.918  56.185       0
-170.999  56.211       0
-171.042  56.218       0
  -171.1  56.231       0
-171.157  56.238       0
-171.261  56.253       0
-171.295  56.263       0
 -171.33  56.287       0
-171.376  56.342       0
-171.412  56.399       0
-171.433  56.415       0
-171.498  56.431       0
-171.667   56.45       0
-171.769  56.467       0
-171.937    56.5       0
-172.042  56.524       0
-172.148  56.556       0
 -172.32   56.59       0
-172.357  56.593       0
 -172.39  56.586       0
-172.415  56.571       0
-172.414  56.558       0
-172.398  56.545       0
-172.397  56.537       0
-172.415  56.523       0
-172.442  56.511       0
-172.511  56.495       0
-172.563  56.487       0
-172.633  56.482       0
 -172.71   56.49       0
-172.779  56.508       0
-172.915  56.552       0
-173.095  56.603       0
-173.221  56.646       0
-173.282  56.675       0
-173.321    56.7       0
-173.353   56.73       0
-173.372  56.763       0
-173.379  56.807       0
-173.386  56.891       0
-173.408  56.945       0
-173.426  56.976       0
-173.445  56.998       0
 -173.46  57.012       0
-173.493  57.029       0
-173.547  57.043       0
-173.682  57.066       0
-173.759  57.091       0
-173.796  57.108       0
-173.826  57.128       0
-173.824   57.13       0
-173.847  57.173       0
-173.865  57.261       0
-173.875  57.296       0
-173.905  57.343       0
 -173.94  57.384       0
 -173.98  57.423       0
 -173.99   57.43       0
-174.023  57.461       0
-174.029  57.464       0
-174.103  57.533       0
-174.253  57.639       0
-174.293  57.684       0
-174.312  57.725       0
-174.315  57.741       0
 -174.31  57.771       0
 -174.28  57.783       0
-174.227  57.788       0
-174.122  57.787       0
-173.908  57.749       0
-173.903   57.75       0
-173.865  57.748       0
-173.842  57.759       0
-173.837  57.764       0
-173.848  57.786       0
-173.862  57.802       0
-173.941   57.85       0
-173.958  57.866       0
-173.997  57.939       0
-174.045  57.979       0
-174.148  58.054       0
-174.208  58.109       0
-174.351  58.268       0
-174.398  58.337       0
-174.436  58.374       0
-174.444  58.376       0
 -174.53  58.434       0
-174.627  58.502       0
-174.728  58.588       0
-174.762  58.608       0
-174.791  58.619       0
-174.864  58.629       0
-174.922  58.628       0
-174.976  58.621       0
-174.988  58.617       0
-174.994  58.618       0
    -175  58.616       0
 -175.04  58.604       0
-175.102  58.581       0
-175.128  58.565       0
-175.152  58.531       0
-175.154  58.488       0
-175.147  58.454       0
-175.155  58.427       0
-175.174  58.398       0
-175.187  58.386       0
-175.199  58.379       0
-175.198  58.377       0
-175.231  58.361       0
-175.264   58.35       0
-175.317  58.345       0
-175.367  58.355       0
-175.503  58.408       0
-175.552   58.42       0
-175.563  58.421       0
-175.714  58.451       0
-175.755  58.462       0
-175.862  58.482       0
-175.966  58.493       0
-176.131    58.5       0
  -176.3  58.512       0
-176.528  58.536       0
-176.624  58.547       0
-176.799  58.572       0
-176.943  58.595       0
-177.155  58.638       0
-177.493  58.727       0
 -177.59  58.748       0
-177.667  58.759       0
-177.679  58.759       0
-177.711  58.762       0
-177.742  58.767       0
-177.773  58.771       0
-177.804  58.777       0
-177.834  58.782       0
-177.861  58.788       0
-177.888  58.795       0
-177.914  58.803       0
-177.939  58.811       0
-177.963   58.82       0
 -177.99  58.831       0
-178.016  58.842       0
-178.041  58.854       0
-178.065  58.866       0
-178.089  58.879       0
-178.112  58.891       0
-178.134  58.905       0
-178.157  58.918       0
-178.179  58.931       0
-178.251  58.976       0
-178.361  59.052       0
-178.443  59.117       0
-178.447  59.122       0
-178.457  59.129       0
-178.491   59.17       0
-178.497  59.204       0
-178.488  59.244       0
-178.462  59.276       0
-178.424  59.306       0
-178.347  59.341       0
-178.294   59.35       0
-178.237  59.351       0
 -178.17  59.343       0
 -178.08  59.325       0
-177.981  59.312       0
-177.889  59.306       0
-177.829  59.309       0
-177.782   59.32       0
-177.747  59.336       0
-177.701  59.371       0
-177.687  59.396       0
-177.684  59.421       0
  -177.7  59.448       0
-177.729  59.474       0
 -177.84   59.52       0
-177.869  59.542       0
-177.893  59.579       0
-177.923    59.6       0
 -177.95  59.609       0
-178.013  59.616       0
-178.088  59.618       0
-178.281  59.614       0
 -178.36  59.623       0
-178.425  59.638       0
-178.523  59.678       0
-178.699  59.724       0
-178.778  59.745       0
-178.865  59.777       0
 -178.96  59.818       0
 -179.05  59.851       0
-179.106  59.879       0
-179.138   59.91       0
-179.148  59.942       0
-179.145  59.961       0
-179.127  59.993       0
-179.094  60.038       0
-179.022  60.125       0
-178.947  60.208       0
 -178.89  60.289       0
-178.858   60.34       0
-178.843  60.376       0
-178.833  60.448       0
-178.841  60.496       0
-178.866  60.536       0
-178.896  60.562       0
-178.954    60.6       0
-179.005  60.623       0
-179.008  60.623       0
-179.045   60.64       0
-179.161  60.673       0
-179.296  60.699       0
-179.488  60.731       0
-179.492  60.729       0
-179.765  60.768       0
-179.878  60.783       0
-179.992  60.802       0
 -179.99  60.802       0
>
-172.028  52.691       0
-171.983  52.695       0
-171.954  52.691       0
-171.954  52.676       0
-171.995  52.663       0
-172.001   52.66       0
 -172.06  52.649       0
-172.109  52.649       0
-172.112  52.656       0
-172.108  52.664       0
-172.094  52.673       0
-172.028  52.691       0
>
-177.824  51.932       0
-177.755  51.914       0
-177.715  51.914       0
-177.629  51.919       0
-177.555  51.914       0
-177.487  51.903       0
-177.395    51.9       0
-177.348  51.908       0
-177.343  51.911       0
-177.331  51.913       0
>
-179.989  52.522       0
-179.956  52.506       0
-179.941  52.494       0
-179.928  52.468       0
-179.928  52.455       0
-179.912  52.441       0
-179.893  52.442       0
-179.867  52.455       0
-179.819  52.506       0
-179.787  52.524       0
-179.729  52.539       0
 -179.59  52.593       0
-179.577  52.595       0
-179.572  52.598       0
-179.532  52.607       0
-179.453  52.659       0
-179.405  52.677       0
-179.375  52.684       0
-179.354  52.698       0
-179.317  52.757       0
  -179.3  52.775       0
-179.277  52.772       0
-179.303  52.697       0
-179.368  52.627       0
-179.426  52.536       0
-179.459  52.509       0
 -179.53  52.472       0
 -179.59  52.428       0
-179.618  52.394       0
-179.623  52.372       0
-179.642  52.324       0
-179.662  52.282       0
-179.652  52.253       0
-179.633  52.222       0
-179.635   52.19       0
-179.651  52.161       0
-179.704  52.117       0
-179.744   52.09       0
-179.825  52.026       0
-179.883  51.997       0
-179.956  51.974       0
-179.992  51.967       0
    -180  51.967       0
>
-179.086  51.387       0
-179.054  51.401       0
-179.025  51.428       0
-178.999  51.439       0
-178.986  51.442       0
-178.974  51.448       0
-178.927  51.432       0
-178.916  51.426       0
-178.844  51.393       0
-178.819  51.362       0
-178.818  51.331       0
-178.836  51.309       0
-178.904  51.254       0
-178.927  51.243       0
-178.933  51.246       0
-178.971  51.233       0
-179.008  51.204       0
-179.031  51.189       0
-179.114  51.162       0
-179.126  51.161       0
>
-175.471  52.204       0
-175.369  52.192       0
-175.286  52.185       0
-175.248  52.176       0
-175.237  52.181       0
-175.233  52.193       0
-175.237  52.225       0
-175.227  52.239       0
  -175.2  52.256       0
-175.163  52.267       0
-175.113  52.262       0
-175.056  52.247       0
    -175  52.242       0
    -175  52.242       0
-174.964  52.246       0
-174.882  52.272       0
-174.829   52.29       0
 -174.67  52.368       0
-174.621  52.385       0
 -174.61  52.387       0
